image_width: 1280
image_height: 1024
camera_name: chamelon3
camera_matrix:
  rows: 3
  cols: 3
  data: [826.447337, 0.000000, 627.870719, 0.000000, 825.916102, 514.176315, 0.000000, 0.000000, 1.000000]
distortion_model: plumb_bob
distortion_coefficients:
  rows: 1
  cols: 5
  data: [-0.397169, 0.133608, 0.000790, -0.000070, 0.000000]
rectification_matrix:
  rows: 3
  cols: 3
  data: [1.000000, 0.000000, 0.000000, 0.000000, 1.000000, 0.000000, 0.000000, 0.000000, 1.000000]
projection_matrix:
  rows: 3
  cols: 4
  data: [601.226318, 0.000000, 628.895991, 0.000000, 0.000000, 673.429138, 516.990075, 0.000000, 0.000000, 0.000000, 1.000000, 0.000000]
