image: 2017-05-20-10-11-map.pgm
resolution: 0.050000
origin: [-100.000000, -100.000000, 0.000000]
negate: 0
occupied_thresh: 0.65
free_thresh: 0.196

trans: [-1.49354772229, -0.210526546878, 0.0]
rot: [0.0, 0.0, -0.0195789409651, 0.999808314164]
