image: 2017-05-20-12-38-map.pgm
resolution: 0.050000
origin: [-100.000000, -100.000000, 0.000000]
negate: 0
occupied_thresh: 0.65
free_thresh: 0.196

trans: [-2.11585629396, -0.218081308076, 0.0]
rot: [0.0, 0.0, -0.0175982256768, 0.999845139236]
