image: 2017-05-20-9-6-map.pgm
resolution: 0.050000
origin: [-100.000000, -100.000000, 0.000000]
negate: 0
occupied_thresh: 0.65
free_thresh: 0.196

trans: [-0.498661895872, 0.658211158881, 0.0]
rot: [0.0, 0.0, -0.000962552154996, 0.999999536747]
