image: 2017-05-21-10-51-map.pgm
resolution: 0.050000
origin: [-100.000000, -100.000000, 0.000000]
negate: 0
occupied_thresh: 0.65
free_thresh: 0.196

trans: [-0.813384810116, -0.270240818777, 0.0]
rot: [0.0, 0.0, 0.00787756002135, 0.999968971543]
