image: 2017-05-21-9-30-map.pgm
resolution: 0.050000
origin: [-100.000000, -100.000000, 0.000000]
negate: 0
occupied_thresh: 0.65
free_thresh: 0.196

trans: [-1.87760362936, -1.16968470388, 0.0]
rot: [0.0, 0.0, 0.00239688569526, 0.999997127465]
