image: 2017-05-21-14-57-map.pgm
resolution: 0.050000
origin: [-100.000000, -100.000000, 0.000000]
negate: 0
occupied_thresh: 0.65
free_thresh: 0.196

trans: [-0.472339605555, -1.62608045458, 0.0]
rot: [0.0, 0.0, -0.0227059965261, 0.999742185627]
