image: 2017-05-21-14-42-map.pgm
resolution: 0.050000
origin: [-100.000000, -100.000000, 0.000000]
negate: 0
occupied_thresh: 0.65
free_thresh: 0.196

trans: [-0.00904339935835, -1.46363409841, 0.0]
rot: [0.0, 0.0, -0.0186973773382, 0.999825188761]
