image: 2017-05-20-14-10-map.pgm
resolution: 0.050000
origin: [-100.000000, -100.000000, 0.000000]
negate: 0
occupied_thresh: 0.65
free_thresh: 0.196

trans: [0.136493302675, 0.17924787426, 0.0]
rot: [0.0, 0.0, 0.00925973291442, 0.999957127754]
