image: 2017-05-21-9-2-map.pgm
resolution: 0.050000
origin: [-100.000000, -100.000000, 0.000000]
negate: 0
occupied_thresh: 0.65
free_thresh: 0.196

trans: [0.0667873555335, -0.166939834107, 0.0]
rot: [0.0, 0.0, 0.0176190204639, 0.999844773011]
