image: 2017-05-20-9-10-map.pgm
resolution: 0.050000
origin: [-100.000000, -100.000000, 0.000000]
negate: 0
occupied_thresh: 0.65
free_thresh: 0.196

trans: [-0.241381279314, 0.764282898822, 0.0]
rot: [0.0, 0.0, -0.00873101554801, 0.999961883957]
