image: 2017-05-20-13-1-map.pgm
resolution: 0.050000
origin: [-100.000000, -100.000000, 0.000000]
negate: 0
occupied_thresh: 0.65
free_thresh: 0.196

trans: [-0.00149524439557, 0.000233191658386, 0.0]
rot: [0.0, 0.0, -0.000205756260911, 0.999999978832]
