image: 2017-05-20-14-17-map.pgm
resolution: 0.050000
origin: [-100.000000, -100.000000, 0.000000]
negate: 0
occupied_thresh: 0.65
free_thresh: 0.196

trans: [-0.627568454356, 0.0823601577865, 0.0]
rot: [0.0, 0.0, -0.0218501729844, 0.999761256471]
