image: 2017-05-20-12-32-map.pgm
resolution: 0.050000
origin: [-100.000000, -100.000000, 0.000000]
negate: 0
occupied_thresh: 0.65
free_thresh: 0.196

trans: [-0.0253557410755, 0.316565356036, 0.0]
rot: [0.0, 0.0, 0.0110147228373, 0.9999393361]
