image: 2017-05-20-9-4-map.pgm
resolution: 0.050000
origin: [-100.000000, -100.000000, 0.000000]
negate: 0
occupied_thresh: 0.65
free_thresh: 0.196

trans: [-0.03557903659, 0.0292338509129, 0.0]
rot: [0.0, 0.0, 0.000474918359357, 0.999999887226]
