image: 2017-05-20-10-6-map.pgm
resolution: 0.050000
origin: [-100.000000, -100.000000, 0.000000]
negate: 0
occupied_thresh: 0.65
free_thresh: 0.196

trans: [-0.427911413874, 0.360991361898, 0.0]
rot: [0.0, 0.0, 0.00199700141263, 0.999998005991]
