image: 2017-05-21-14-48-map.pgm
resolution: 0.050000
origin: [-100.000000, -100.000000, 0.000000]
negate: 0
occupied_thresh: 0.65
free_thresh: 0.196

trans: [-0.320611751662, -0.118583454178, 0.0]
rot: [0.0, 0.0, -0.0188980697784, 0.999821415533]
