image: 2017-05-21-14-29-map.pgm
resolution: 0.050000
origin: [-100.000000, -100.000000, 0.000000]
negate: 0
occupied_thresh: 0.65
free_thresh: 0.196

trans: [-0.744216202795, -1.41035710672, 0.0]
rot: [0.0, 0.0, -0.0172563764967, 0.999851097649]
