image: 2017-05-20-14-25-map.pgm
resolution: 0.050000
origin: [-100.000000, -100.000000, 0.000000]
negate: 0
occupied_thresh: 0.65
free_thresh: 0.196

trans: [-2.05855923845, 0.00120486746336, 0.0]
rot: [0.0, 0.0, -0.0279539533405, 0.999609211889]
